$ANSIBLE_VAULT;1.1;AES256
65616338346239613933313061346434393965326364653632383961303366636434316661333436
6531636665323130333630633731646332346565383631660a326634656364386237656135633733
33383333356138303666653363353566613439613233303839383861306530333961313734333665
3932333834613765620a663738376366656238336163383934383130383134656164353032653034
65653134356333376662666433366532616633663337633962653466356138373762666239333133
39353431613462343033636532323064623937643433383061643062663334653233323465313731
39633233616461616338643361333830613164306465346336613230383732316634336665383933
39643731656665366337316362626635313361623664636530623063643633306334663466303164
37643236323931383435323930663563616564333530366133663066626663646636663830353136
32303933613537643264316434616531616164643032313065316632396263666434313666303363
37343064316332353436366362396262323965646435616536626639336230336666393234383235
38393665346161373463653436376664613533323331393035323833326533656462646463376262
65353065383234653832653966313433633966623338656130653163393161313339373331373263
36356564316362653838306635363837303133343363306464353732653163616539306562306464
62303535663162316631613466646566323762383531623934373062303534636231303639626139
31363966653162666338386231633732636135316261646436623462386366613435373635373864
32323737306236653835613736373464366361376134333036396663396263643832336264363739
31343462613938306138643330633933613737623461616532396462336162643261626466363535
34643032623136313437633264663335373866633064336336626666303365316264353835376137
65326639656138313131373031333930396165326133653631333638613363303864663031386666
34373664633537626633643539623639613064333735383637653036653339393866656133626666
64373034336437383465653462633230353338666664303535336464653139333166383264353062
35626131356335333564333436313031323632306130343531383732666262346661376438303633
35336235346366366232643166373236626532343433633131346337393165313764653131613231
33386164653263363963363166626533336166616631636130353532643562313365656632376630
37663534363061633164323139613934316166663462663761376165653534366566356537336439
33306462636366323739373136613962343635353262333965343863343035333131333936623736
34333435646239376264333561333633623662633832656562333663666632343436356533306331
30656361306236626264353232393531613064626338646664613931336365323039333061366361
35653438306166646631313262346437616133653634636535643835363965303033616630346538
30626139643163666265373064326139383531346231346465653938343666383231353062613039
34393535623363316536316265333836396564613364646466633731633766396438623038376635
64346333383366633966353862373463613738396230343133353835363664376538386136643336
38333735656362373036373731373761346237373133323563373834396631356665383362653161
61653061643461633539656537306232646161333536336461373433656463306466393261346438
32363437386232633632363231323439316532393032623537626236363130316230373337346338
65383363643034373832316237346465343139663439373731326166633661626365383566383863
61333765386134633464326662643861363735376266643838396530393666316537623566666432
39306236336164643161626139333238303463636630393137393338613662323764356662636632
32653861333938376233323734393237616462393937343536383661376634633062376566343132
63326337653434383263346532383165623330656539376233373835303539636632373534356533
34643635616134646236316632626230636665306662646635616465316561386632656630646166
63306432313138656635353934653630383262343539353135393438623631353732326630313932
35643831623637303133646566646130373838343861353435366266666663353934356133313666
62306263613664613635383766373838353532336465646536613833613763306431336230313631
35306161396463643464336264303634346432636232353237313931383239363866656332346566
35356239303838633633333639626433363537396337653362373533663363626266393535353831
36336333643333373138363636333366346233643532646162306632326438393037326361343938
64373866646662613230613233643462356236333764353534323064376234323061623563383638
35376239336134393138333265646635613036616461646532366531323838613935366564303433
36396636663435353435303061666638616635353934666232313033333761326365646636353331
32343564613032633665343962313136613230326632303261343137653031303263306664386664
37383564363232363062333965373530326461336462643737386261303135333632656563623634
66356338626531373633333531323066623432313961356634343465316562313335373561613931
37643032346362306634386237613064343034353161653262323139346131353562313133323934
30363430323435343162613065396565346166333562616131333562646430643665373336353566
65613039316636336536636138646162643131313434313036333532383730666134633335656139
32363138636332393061633936376431303661643961336536666662303865333334306662343435
66323335663263306439373661636261356562376139383361653063373264386461323734626534
33633165323238393236386334643935343562363534353862343036643331383837343435633430
36333463373461636636616366393030626163333231383866336534333664326530353532393261
65326239333366306137356235313565313861333033393264366461306635336264383034666363
38393536656465333962313935323832653235643333356666393735393533313062326561653633
65663935383732653563323138333261613038363233643461623966613730633933393838303864
63353962363139633563376164303864623738353766343335383165626164306330663137386436
35386263353864303336333533396236616561393066366438616261663437356638623130303139
64656534353362633166626138356364396536663732643233383933346634626537313664656634
64346263616133303736343963353839653464623030656363373032373632663265383830656366
34393261653735343235326464663732666331343365336438363761313137376633323066643065
37346132303761373634613532343363363633363062373934353936623064303736633666373165
61353335643264653265386531666166623662383231333464376366663163613466623662663530
66326437366262343034303931363030666433613138353630643933636463373835383038386265
65653134323061373138623035343364373539323465626339333838333862346162373335396137
37623064363863643464343166303431366437396362663734343565316331366130353933656538
32363461346332383632663637353733653336396137636539393039383363316537626564316238
63313065626164613061636261346433306333613631333034663163663137323763646632623830
37303965666235333433633062393533656431333064653334616563393632303939656163666534
62633838316466333431323831373734663033306631346463626563633232646463366231653639
38663537653730336262393538633263643838643039613539383033343361323331356130613139
65323762376264306365643433613334346261306434396563336232316661633630643730396131
35383963636136376333633035646330333465663765353439353432366639306665343564613932
64396263626332636530346463613231626531616134336533343833643830396461663034376563
36316132353061663631653132343765316561623333616264353932616664346262646265336563
39643439396233643330363761383334343134626439626431363964336533373839383634646162
65383061663562383836363933353536323766633761363339653935346235633138346636636134
30643034633036303935393664666363613262373662396532623836316663396332653134303564
30626331353966323465313534346162363933316464313261633939646462663562613936306134
34663530303766346362393134633564316131396164316136376264623131613034346562356363
37313834373233616634656464663534396636613338666136663264623463663937383166613538
64663964366332626230303735313932396264646363393163393336363235616534366132303863
66646234623166633766366265393330643131643338333732313233363661636138653735303866
62346633323466373066333635386338366165636461306430333863386366386366623234663339
37656230336530663836383238323363646537636432346338613734663766386435633833333630
36353861653637333338666436316635306538653637333730383362376138393638326161623339
31663039643637333137616533666532313866303130613562383934303332336534336633616135
62663965346338646437643638653534336235653461353630356531623734336437323033383335
63316335346633393362663337623835346233666163323938643665333761323438393866303764
33353264326135663437353638643036633066353333636336643732613331343639376432373064
37383466343066643966636330646431626564326365343064393734316635626231653034626661
64336262326465333235393034353934333937333865633235363166636463363965666562363038
39346431353638616566366630373234633064633538376332386339393734653835636236373662
36373332333438376530666266343965653935333562666634643464656437346266383938643435
38313430393436326161633233623833393939643266396533613238383061616439333231643731
65353039633062393537323165326134303164373263316331626665386332643762623466346539
66313762633662396264633130393361663737663164393433636230393030393537616362333839
39383062373034313632616331626436626337373437633538653936366162656433636432376231
66383734666437646638663262363934353462343962623363636532643233393266666330643033
65363763653262346136323733373034376532646361613035373037653434666534396564363661
32646430393332626637343633646161633839313462366364653633356133333033306162633165
36393737333032323066613935376531666166646139303332336265353835646437656334636462
33653338666162623931663739303565666564313833636364633966623334316266333630366231
32643261336231303039626139666234306565343334616232643537633861333436623837613632
32323534353739323430333034316661313433383261616135366630333933343637363032343862
39346231306437353263323161373765333330346162633033316630646261626466663031313032
65626532373838326635626433396633623562346538623164323363363635373738333163633664
62343762633739633062666166616661353231373465376538303836636363303833343733656435
63633636373436353434326163333265383165643234666630373563343839396661616164333266
62306333656431353164343734613134633161663638356639616365386132373461613761656437
39653135326166666437363535333438373464373964643334626363346539386233663263623866
36363930363734376661383936613939316661366534303963633061616539653437623738643266
63633531393931306234343065336665333933356161336536323333653135333536626134616264
62633362396338303166336361333165343739653031393462373630313134633566653339343434
64343439643461656438633966363433393361643739316333316665656661363138396330396563
32653836316633353337653261376130333432323364376330323637643637346539376361326331
64656166633630343739383938663031313536633862663733633330363636633266373830393538
63316462613466366265613938636334393661313035643335636236643439333761353538313332
33336661656265393039356462633366626639303730336533343833343264353065313336393361
39373636323332396436363861353562306166303962633961356364646265376236363030356535
34376238613136306539333763326433366235303137313264376532623866633336323631333535
34613866373834366563373361666432343432383237376665373135383037336332313536333832
33366463626264313930653166613833366332383439356463646563616436353130613561373530
30373134386638633434366532666466626563383431323866343732393664326265363439666130
30353265613034386130356632613032656265373736336638336131656165366264326238623830
62313139353763666262613334353063663030333362656336646539353463363137653466346532
306539613766643938636633336434326166
